Good/0000.jpg 1 0 0 567 179
Good/0001.jpg 1 0 0 634 148
Good/0002.jpg 1 0 0 344 92
Good/0003.jpg 1 0 0 344 75
Good/0004.jpg 1 0 0 424 108
Good/0005.jpg 1 0 0 480 90
Good/0006.jpg 1 0 0 402 82
Good/0007.jpg 1 0 0 444 94
Good/0008.jpg 1 0 0 444 95
Good/0009.jpg 1 0 0 388 94
Good/0010.jpg 1 0 0 388 94
Good/0011.jpg 1 0 0 388 82
Good/0012.jpg 1 0 0 388 82
Good/0013.jpg 1 0 0 388 82
Good/0014.jpg 1 0 0 394 83
Good/0015.jpg 1 0 0 366 76
Good/0016.jpg 1 0 0 334 75
Good/0017.jpg 1 0 0 281 58
Good/0018.jpg 1 0 0 265 57
Good/0019.jpg 1 0 0 241 49
Good/0020.jpg 1 0 0 258 49
Good/0021.jpg 1 0 0 226 51
Good/0022.jpg 1 0 0 516 113
Good/0023.jpg 1 0 0 407 87
Good/0024.jpg 1 0 0 405 80
Good/0025.jpg 1 0 0 401 85
Good/0026.jpg 1 0 0 386 78
Good/0027.jpg 1 0 0 380 78
Good/0028.jpg 1 0 0 408 91
Good/0029.jpg 1 0 0 357 79
Good/0030.jpg 1 0 0 405 85
Good/0031.jpg 1 0 0 379 83
Good/0032.jpg 1 0 0 403 81
Good/0033.jpg 1 0 0 651 127
Good/0034.jpg 1 0 0 633 133
Good/0035.jpg 1 0 0 624 124
Good/0036.jpg 1 0 0 649 124
Good/0037.jpg 1 0 0 665 127
Good/0038.jpg 1 0 0 632 121
Good/0039.jpg 1 0 0 653 139
Good/0040.jpg 1 0 0 663 139
Good/0041.jpg 1 0 0 662 139
Good/0042.jpg 1 0 0 363 85
Good/0043.jpg 1 0 0 442 90
Good/0044.jpg 1 0 0 368 79
Good/0045.jpg 1 0 0 383 73
Good/0046.jpg 1 0 0 279 53
Good/0047.jpg 1 0 0 717 142
Good/0048.jpg 1 0 0 626 141
Good/0049.jpg 1 0 0 634 136
Good/0050.jpg 1 0 0 828 167
Good/0051.jpg 1 0 0 692 134
Good/0052.jpg 1 0 0 959 177
Good/0053.jpg 1 0 0 583 141
Good/0054.jpg 1 0 0 523 123
Good/0055.jpg 1 0 0 526 111
Good/0056.jpg 1 0 0 484 105
Good/0057.jpg 1 0 0 493 105
Good/0058.jpg 1 0 0 487 103
Good/0059.jpg 1 0 0 523 103
Good/0060.jpg 1 0 0 543 107
Good/0061.jpg 1 0 0 513 108
Good/0062.jpg 1 0 0 465 92
Good/0063.jpg 1 0 0 474 97
Good/0064.jpg 1 0 0 479 99
Good/0065.jpg 1 0 0 519 105
Good/0066.jpg 1 0 0 519 117
Good/0067.jpg 1 0 0 508 105
Good/0068.jpg 1 0 0 545 119
Good/0069.jpg 1 0 0 559 138
Good/0070.jpg 1 0 0 551 131
Good/0071.jpg 1 0 0 514 118
Good/0072.jpg 1 0 0 444 97
Good/0073.jpg 1 0 0 472 96
Good/0074.jpg 1 0 0 439 100
Good/0075.jpg 1 0 0 401 99
Good/0076.jpg 1 0 0 434 101
Good/0077.jpg 1 0 0 441 102
Good/0078.jpg 1 0 0 310 72
Good/0079.jpg 1 0 0 373 85
Good/0080.jpg 1 0 0 395 94
Good/0081.jpg 1 0 0 359 87
Good/0082.jpg 1 0 0 366 73
Good/0083.jpg 1 0 0 395 76
Good/0084.jpg 1 0 0 486 104
Good/0085.jpg 1 0 0 494 104
Good/0086.jpg 1 0 0 504 104
Good/0087.jpg 1 0 0 495 104
Good/0088.jpg 1 0 0 524 107
Good/0089.jpg 1 0 0 524 107
Good/0090.jpg 1 0 0 489 104
Good/0091.jpg 1 0 0 453 103
Good/0092.jpg 1 0 0 481 100
Good/0093.jpg 1 0 0 493 100
Good/0094.jpg 1 0 0 515 106
Good/0095.jpg 1 0 0 547 113
Good/0096.jpg 1 0 0 816 165
Good/0097.jpg 1 0 0 434 85
Good/0098.jpg 1 0 0 483 107
Good/0099.jpg 1 0 0 504 108
Good/0100.jpg 1 0 0 479 96
Good/0101.jpg 1 0 0 507 107
Good/0102.jpg 1 0 0 456 95
Good/0103.jpg 1 0 0 469 89
Good/0104.jpg 1 0 0 453 92
Good/0105.jpg 1 0 0 405 81
Good/0106.jpg 1 0 0 452 101
Good/0107.jpg 1 0 0 450 90
Good/0108.jpg 1 0 0 439 94
Good/0109.jpg 1 0 0 538 103
Good/0110.jpg 1 0 0 590 105
Good/0111.jpg 1 0 0 520 98
Good/0112.jpg 1 0 0 619 120
Good/0113.jpg 1 0 0 670 134
Good/0114.jpg 1 0 0 589 108
Good/0115.jpg 1 0 0 530 102
Good/0116.jpg 1 0 0 373 76
Good/0117.jpg 1 0 0 531 101
Good/0118.jpg 1 0 0 521 90
Good/0119.jpg 1 0 0 473 90
Good/0120.jpg 1 0 0 482 90
Good/0121.jpg 1 0 0 444 90
Good/0122.jpg 1 0 0 428 83
Good/0123.jpg 1 0 0 353 70
Good/0124.jpg 1 0 0 388 80
Good/0125.jpg 1 0 0 359 70
Good/0126.jpg 1 0 0 372 76
Good/0127.jpg 1 0 0 358 77
Good/0128.jpg 1 0 0 365 77
Good/0129.jpg 1 0 0 375 70
Good/0130.jpg 1 0 0 366 71
Good/0131.jpg 1 0 0 342 63
Good/0132.jpg 1 0 0 362 68
Good/0133.jpg 1 0 0 369 77
Good/0134.jpg 1 0 0 353 73
Good/0135.jpg 1 0 0 343 65
Good/0136.jpg 1 0 0 349 73
Good/0137.jpg 1 0 0 351 73
Good/0138.jpg 1 0 0 718 150
Good/0139.jpg 1 0 0 427 85
Good/0140.jpg 1 0 0 427 76
Good/0141.jpg 1 0 0 422 83
Good/0142.jpg 1 0 0 373 75
Good/0143.jpg 1 0 0 385 75
Good/0144.jpg 1 0 0 506 97
Good/0145.jpg 1 0 0 549 124
Good/0146.jpg 1 0 0 537 130
Good/0147.jpg 1 0 0 509 121
Good/0148.jpg 1 0 0 494 115
Good/0149.jpg 1 0 0 484 115
Good/0150.jpg 1 0 0 473 98
Good/0151.jpg 1 0 0 484 115
Good/0152.jpg 1 0 0 452 116
Good/0153.jpg 1 0 0 424 106
Good/0154.jpg 1 0 0 444 112
Good/0155.jpg 1 0 0 440 104
Good/0156.jpg 1 0 0 450 107
Good/0157.jpg 1 0 0 616 144
Good/0158.jpg 1 0 0 566 132
Good/0159.jpg 1 0 0 575 132
Good/0160.jpg 1 0 0 594 132
Good/0161.jpg 1 0 0 562 125
Good/0162.jpg 1 0 0 576 131
Good/0163.jpg 1 0 0 599 129
Good/0164.jpg 1 0 0 614 109
Good/0165.jpg 1 0 0 583 109
Good/0166.jpg 1 0 0 583 109
Good/0167.jpg 1 0 0 583 113
Good/0168.jpg 1 0 0 599 113
Good/0169.jpg 1 0 0 557 111
Good/0170.jpg 1 0 0 562 119
Good/0171.jpg 1 0 0 537 95
Good/0172.jpg 1 0 0 601 118
Good/0173.jpg 1 0 0 706 146
Good/0174.jpg 1 0 0 607 129
Good/0175.jpg 1 0 0 549 111
Good/0176.jpg 1 0 0 570 105
Good/0177.jpg 1 0 0 610 108
Good/0178.jpg 1 0 0 430 80
Good/0179.jpg 1 0 0 399 75
Good/0180.jpg 1 0 0 447 85
Good/0181.jpg 1 0 0 412 80
Good/0182.jpg 1 0 0 399 74
Good/0183.jpg 1 0 0 389 72
Good/0184.jpg 1 0 0 382 74
Good/0185.jpg 1 0 0 362 75
Good/0186.jpg 1 0 0 352 73
Good/0187.jpg 1 0 0 349 68
Good/0188.jpg 1 0 0 338 68
Good/0189.jpg 1 0 0 332 60
Good/0190.jpg 1 0 0 312 58
Good/0191.jpg 1 0 0 468 108
Good/0192.jpg 1 0 0 439 97
Good/0193.jpg 1 0 0 460 101
Good/0194.jpg 1 0 0 461 97
Good/0195.jpg 1 0 0 469 93
Good/0196.jpg 1 0 0 460 97
Good/0197.jpg 1 0 0 695 137
Good/0198.jpg 1 0 0 685 144
Good/0199.jpg 1 0 0 645 126
Good/0200.jpg 1 0 0 649 144
Good/0201.jpg 1 0 0 611 126
Good/0202.jpg 1 0 0 600 126
Good/0203.jpg 1 0 0 526 119
Good/0204.jpg 1 0 0 642 135
Good/0205.jpg 1 0 0 565 124
Good/0206.jpg 1 0 0 562 130
Good/0207.jpg 1 0 0 586 125
Good/0208.jpg 1 0 0 576 129
Good/0209.jpg 1 0 0 675 143
Good/0210.jpg 1 0 0 749 154
Good/0211.jpg 1 0 0 200 50
Good/0212.jpg 1 0 0 200 50
Good/0213.jpg 1 0 0 200 50
Good/0214.jpg 1 0 0 200 49
Good/0215.jpg 1 0 0 200 44
Good/0216.jpg 1 0 0 200 48
Good/0217.jpg 1 0 0 200 50
Good/0218.jpg 1 0 0 200 50
Good/0219.jpg 1 0 0 163 40
Good/0220.jpg 1 0 0 200 50
Good/0221.jpg 1 0 0 200 50
Good/0222.jpg 1 0 0 121 30
Good/0223.jpg 1 0 0 200 50
Good/0224.jpg 1 0 0 200 47
Good/0225.jpg 1 0 0 200 49
Good/0226.jpg 1 0 0 200 39
Good/0227.jpg 1 0 0 200 46
Good/0228.jpg 1 0 0 200 43
Good/0229.jpg 1 0 0 579 105
Good/0230.jpg 1 0 0 583 114
Good/0231.jpg 1 0 0 576 112
Good/0232.jpg 1 0 0 586 116
Good/0233.jpg 1 0 0 585 122
Good/0234.jpg 1 0 0 575 114
Good/0235.jpg 1 0 0 581 120
Good/0236.jpg 1 0 0 582 116
Good/0237.jpg 1 0 0 581 112
Good/0238.jpg 1 0 0 586 113
Good/0239.jpg 1 0 0 584 119
Good/0240.jpg 1 0 0 574 109
Good/0241.jpg 1 0 0 581 118
Good/0242.jpg 1 0 0 587 116
Good/0243.jpg 1 0 0 584 111
Good/0244.jpg 1 0 0 253 53
Good/0245.jpg 1 0 0 584 118
Good/0246.jpg 1 0 0 580 115
Good/0247.jpg 1 0 0 573 111
Good/0248.jpg 1 0 0 587 119
Good/0249.jpg 1 0 0 563 117
Good/0250.jpg 1 0 0 582 118
Good/0251.jpg 1 0 0 578 111
Good/0252.jpg 1 0 0 586 122
Good/0253.jpg 1 0 0 573 114
Good/0254.jpg 1 0 0 584 115
Good/0255.jpg 1 0 0 304 59
Good/0256.jpg 1 0 0 332 69
Good/0257.jpg 1 0 0 140 35
Good/0258.jpg 1 0 0 208 44
Good/0259.jpg 1 0 0 210 44
Good/0260.jpg 1 0 0 351 79
Good/0261.jpg 1 0 0 209 44
Good/0262.jpg 1 0 0 586 118
Good/0263.jpg 1 0 0 317 65
Good/0264.jpg 1 0 0 581 116
Good/0265.jpg 1 0 0 583 118
Good/0266.jpg 1 0 0 582 119
Good/0267.jpg 1 0 0 123 28
Good/0268.jpg 1 0 0 582 117
Good/0269.jpg 1 0 0 340 70
Good/0270.jpg 1 0 0 309 66
Good/0271.jpg 1 0 0 581 121
Good/0272.jpg 1 0 0 589 122
Good/0273.jpg 1 0 0 589 121
Good/0274.jpg 1 0 0 584 111
Good/0275.jpg 1 0 0 327 62
Good/0276.jpg 1 0 0 579 110
Good/0277.jpg 1 0 0 597 119
Good/0278.jpg 1 0 0 253 54
Good/0279.jpg 1 0 0 588 115
Good/0280.jpg 1 0 0 394 76
Good/0281.jpg 1 0 0 236 49
Good/0282.jpg 1 0 0 218 43
Good/0283.jpg 1 0 0 228 46
Good/0284.jpg 1 0 0 199 43
Good/0285.jpg 1 0 0 174 37
Good/0286.jpg 1 0 0 199 43
Good/0287.jpg 1 0 0 167 33
Good/0288.jpg 1 0 0 579 115
Good/0289.jpg 1 0 0 223 45
Good/0290.jpg 1 0 0 581 110
Good/0291.jpg 1 0 0 199 42
Good/0292.jpg 1 0 0 583 119
Good/0293.jpg 1 0 0 122 24
Good/0294.jpg 1 0 0 588 135
Good/0295.jpg 1 0 0 231 47
Good/0296.jpg 1 0 0 586 120
Good/0297.jpg 1 0 0 257 54
Good/0298.jpg 1 0 0 584 125
Good/0299.jpg 1 0 0 306 66
Good/0300.jpg 1 0 0 155 38